8 0 151 1
8 0 970 1
8 0 2122 1
8 0 7959 1
8 0 10408 1
8 0 11309 1
8 0 11548 1
8 0 13219 1
8 0 13260 1
8 0 14434 1
8 0 16393 1
8 0 16545 1
8 0 16940 1
8 0 18739 1
8 0 26577 1
8 0 35781 1
8 0 43161 1
8 0 43230 1
8 0 43576 1
8 0 45291 1
8 0 45618 1
8 0 45883 1
8 0 47590 1
8 0 52395 1
8 0 52452 1
8 0 55162 1
8 0 57320 1
8 0 58309 1
8 0 60022 1
8 0 60423 1
8 0 63286 1
8 0 63884 1
8 0 67952 1
8 0 68370 1
8 0 69050 1
8 0 69151 1
8 0 71577 1
8 0 72868 1
8 0 73951 1
15 0 258 1
15 0 392 1
15 0 412 1
15 0 660 1
15 0 999 1
15 0 1355 1
15 0 1480 1
15 0 1972 1
15 0 1985 1
15 0 2187 1
15 0 3121 1
15 0 3232 1
15 0 3558 1
15 0 3726 1
15 0 3748 1
15 0 3815 1
15 0 3928 1
15 0 4487 1
15 0 4559 1
15 0 4566 1
15 0 4745 1
15 0 4800 1
15 0 4869 1
15 0 4924 1
15 0 5079 1
15 0 5120 1
15 0 5278 1
15 0 5352 1
15 0 5462 1
15 0 5658 1
15 0 5694 1
15 0 5819 1
15 0 6539 1
15 0 6825 1
15 0 6969 1
15 0 7257 1
15 0 7315 1
15 0 7799 1
15 0 8504 1
15 0 8722 1
15 0 8879 1
15 0 8943 1
15 0 8998 1
15 0 9300 1
15 0 9455 1
15 0 9546 1
15 0 9565 1
15 0 9927 1
15 0 10062 1
15 0 10191 1
15 0 10458 1
15 0 10633 1
15 0 10829 1
15 0 10844 1
15 0 11040 1
15 0 11191 1
15 0 11217 1
15 0 11273 1
15 0 11654 1
15 0 11918 1
15 0 12096 1
15 0 12131 1
15 0 12317 1
15 0 12506 1
15 0 12945 1
15 0 12951 1
15 0 13210 1
15 0 13239 1
15 0 13411 1
15 0 13442 1
15 0 13740 1
15 0 13743 1
15 0 13805 1
15 0 14116 1
15 0 14462 1
15 0 14567 1
15 0 14603 1
15 0 14725 1
15 0 14810 1
15 0 14816 1
15 0 15011 1
15 0 15069 1
15 0 15232 1
15 0 15344 1
15 0 15439 1
15 0 15797 1
15 0 15832 1
15 0 15858 1
15 0 15918 1
15 0 16290 1
15 0 16552 1
15 0 16553 1
15 0 16739 1
15 0 17191 1
15 0 17668 1
15 0 17747 1
15 0 17771 1
15 0 17813 1
15 0 17978 1
15 0 18090 1
15 0 18488 1
15 0 18569 1
15 0 19081 1
15 0 19114 1
15 0 20059 1
15 0 20488 1
15 0 20707 1
15 0 20881 1
15 0 20938 1
15 0 21198 1
15 0 21343 1
15 0 22528 1
15 0 22542 1
15 0 23241 1
15 0 23447 1
15 0 24134 1
15 0 24140 1
15 0 24626 1
15 0 24810 1
15 0 24833 1
15 0 25117 1
15 0 25217 1
15 0 25432 1
15 0 25504 1
15 0 25636 1
15 0 25640 1
15 0 26370 1
15 0 26428 1
15 0 26521 1
15 0 26535 1
15 0 27115 1
15 0 27168 1
15 0 27252 1
15 0 27309 1
15 0 27597 1
15 0 27819 1
15 0 27830 1
15 0 28744 1
15 0 28823 1
15 0 29284 1
15 0 29852 1
15 0 29957 1
15 0 30114 1
15 0 30125 1
15 0 30894 1
15 0 30904 1
15 0 30923 1
15 0 32126 1
15 0 32410 1
15 0 32876 1
15 0 33074 1
15 0 33194 1
15 0 33658 1
15 0 33702 1
15 0 33936 1
15 0 34104 1
15 0 34338 1
15 0 34699 1
15 0 34851 1
15 0 35112 1
15 0 35210 1
15 0 35285 1
15 0 35740 1
15 0 35908 1
15 0 35920 1
15 0 36103 1
15 0 36260 1
15 0 36620 1
15 0 36764 1
15 0 36804 1
15 0 37138 1
15 0 37359 1
15 0 37449 1
15 0 37488 1
15 0 37764 1
15 0 37991 1
15 0 38534 1
15 0 38837 1
15 0 38846 1
15 0 38952 1
15 0 39239 1
15 0 39851 1
15 0 40046 1
15 0 40195 1
15 0 40404 1
15 0 40625 1
15 0 40656 1
15 0 40854 1
15 0 41057 1
15 0 41075 1
15 0 41077 1
15 0 41208 1
15 0 41673 1
15 0 41774 1
15 0 41797 1
15 0 41843 1
15 0 41870 1
15 0 41890 1
15 0 42029 1
15 0 42069 1
15 0 42185 1
15 0 42274 1
15 0 42311 1
15 0 42507 1
15 0 42511 1
15 0 42665 1
15 0 42992 1
15 0 43165 1
15 0 44036 1
15 0 44214 1
15 0 44563 1
15 0 44593 1
15 0 44625 1
15 0 44972 1
15 0 45243 1
15 0 45338 1
15 0 45365 1
15 0 45534 1
15 0 45735 1
15 0 45966 1
15 0 45988 1
15 0 46199 1
15 0 46627 1
15 0 46663 1
15 0 47066 1
15 0 47456 1
15 0 47832 1
15 0 47877 1
15 0 48110 1
15 0 48123 1
15 0 48633 1
15 0 48657 1
15 0 48684 1
15 0 48937 1
15 0 49011 1
15 0 49246 1
15 0 49486 1
15 0 49783 1
15 0 50070 1
15 0 50085 1
15 0 50277 1
15 0 50410 1
15 0 50815 1
15 0 51301 1
15 0 51790 1
15 0 52079 1
15 0 52523 1
15 0 52607 1
15 0 52865 1
15 0 53098 1
15 0 53213 1
15 0 53681 1
15 0 53758 1
15 0 53944 1
15 0 54134 1
15 0 54394 1
15 0 54488 1
15 0 54656 1
15 0 54685 1
15 0 55231 1
15 0 55385 1
15 0 55533 1
15 0 55649 1
15 0 55833 1
15 0 56145 1
15 0 56601 1
15 0 56868 1
15 0 56942 1
15 0 57049 1
15 0 57163 1
15 0 57461 1
15 0 57552 1
15 0 57611 1
15 0 57792 1
15 0 57943 1
15 0 57986 1
15 0 59522 1
15 0 59689 1
15 0 59747 1
15 0 60540 1
15 0 60646 1
15 0 60654 1
15 0 60681 1
15 0 60685 1
15 0 60742 1
15 0 61088 1
15 0 61523 1
15 0 61604 1
15 0 61718 1
15 0 61862 1
15 0 61917 1
15 0 62057 1
15 0 62182 1
15 0 62665 1
15 0 62693 1
15 0 63110 1
15 0 63232 1
15 0 63750 1
15 0 64296 1
15 0 64327 1
15 0 64475 1
15 0 64548 1
15 0 64654 1
15 0 64914 1
15 0 64920 1
15 0 65274 1
15 0 65377 1
15 0 65457 1
15 0 66269 1
15 0 66339 1
15 0 66430 1
15 0 66627 1
15 0 66753 1
15 0 67027 1
15 0 67220 1
15 0 67544 1
15 0 67751 1
15 0 67807 1
15 0 67925 1
15 0 68091 1
15 0 68855 1
15 0 68860 1
15 0 69519 1
15 0 69749 1
15 0 69996 1
15 0 70010 1
15 0 70343 1
15 0 70376 1
15 0 70894 1
15 0 71126 1
15 0 71260 1
15 0 71343 1
15 0 71424 1
15 0 71838 1
15 0 72084 1
15 0 72465 1
15 0 72608 1
15 0 73138 1
15 0 73415 1
15 0 73473 1
15 0 73570 1
15 0 73783 1
15 0 73847 1
15 0 73876 1
15 0 74349 1
15 0 74438 1
15 0 74718 1
15 0 74990 1
15 0 75078 1
15 0 75430 1
15 0 75602 1
15 0 76472 1
15 0 76518 1
15 0 76650 1
15 0 76669 1
15 0 76695 1
15 0 76757 1
15 0 76933 1
15 0 76973 1
15 0 77301 1
15 0 77346 1
15 0 77464 1
15 0 77587 1
15 0 77638 1
19 0 293 1
19 0 634 1
19 0 1675 1
19 0 6937 1
19 0 6945 1
19 0 8405 1
19 0 9565 1
19 0 10714 1
19 0 11597 1
19 0 12935 1
19 0 13969 1
19 0 14982 1
19 0 16114 1
19 0 16647 1
19 0 17850 1
19 0 19329 1
19 0 31260 1
19 0 32509 1
19 0 33601 1
19 0 34682 1
19 0 35781 1
19 0 37655 1
19 0 41681 1
19 0 45517 1
19 0 47590 1
19 0 47824 1
19 0 50206 1
19 0 52310 1
19 0 52362 1
19 0 52607 1
19 0 52976 1
19 0 57988 1
19 0 59919 1
19 0 60022 1
19 0 60423 1
19 0 60520 1
19 0 62111 1
19 0 64599 1
19 0 67100 1
19 0 68147 1
19 0 70448 1
19 0 71577 1
19 0 71712 1
19 0 73951 1
19 0 75977 1
51 0 641 1
51 0 1449 1
51 0 2231 1
51 0 2619 1
51 0 2648 1
51 0 4011 1
51 0 4224 1
51 0 4870 1
51 0 5803 1
51 0 6891 1
51 0 7085 1
51 0 8112 1
51 0 8504 1
51 0 8658 1
51 0 9266 1
51 0 9393 1
51 0 9948 1
51 0 11386 1
51 0 12945 1
51 0 13144 1
51 0 13419 1
51 0 14030 1
51 0 14567 1
51 0 16215 1
51 0 16220 1
51 0 16939 1
51 0 18003 1
51 0 19157 1
51 0 20059 1
51 0 21389 1
51 0 22216 1
51 0 23214 1
51 0 23263 1
51 0 23918 1
51 0 24626 1
51 0 26306 1
51 0 26928 1
51 0 27499 1
51 0 27771 1
51 0 28650 1
51 0 28679 1
51 0 34104 1
51 0 34207 1
51 0 35065 1
51 0 36577 1
51 0 36881 1
51 0 37353 1
51 0 37725 1
51 0 39400 1
51 0 41702 1
51 0 41774 1
51 0 42673 1
51 0 43348 1
51 0 44182 1
51 0 44479 1
51 0 46566 1
51 0 46701 1
51 0 47268 1
51 0 47329 1
51 0 47346 1
51 0 47485 1
51 0 49617 1
51 0 50070 1
51 0 50410 1
51 0 52088 1
51 0 54280 1
51 0 56625 1
51 0 56768 1
51 0 58721 1
51 0 58730 1
51 0 59629 1
51 0 60681 1
51 0 64057 1
51 0 65839 1
51 0 66066 1
51 0 66586 1
51 0 66835 1
51 0 66953 1
51 0 67027 1
51 0 67898 1
51 0 67902 1
51 0 69904 1
51 0 70385 1
51 0 71703 1
51 0 72084 1
51 0 72245 1
51 0 72693 1
51 0 73000 1
51 0 73570 1
51 0 73892 1
51 0 75792 1
51 0 76347 1
51 0 76898 1
51 0 76983 1
58 0 816 1
58 0 1407 1
58 0 2329 1
58 0 2781 1
58 0 3647 1
58 0 5466 1
58 0 6959 1
58 0 8809 1
58 0 9655 1
58 0 10363 1
58 0 11391 1
58 0 12105 1
58 0 13243 1
58 0 13995 1
58 0 14128 1
58 0 16644 1
58 0 16711 1
58 0 18023 1
58 0 20289 1
58 0 23152 1
58 0 26690 1
58 0 26716 1
58 0 27407 1
58 0 27437 1
58 0 27465 1
58 0 29571 1
58 0 29752 1
58 0 30173 1
58 0 30730 1
58 0 31372 1
58 0 32876 1
58 0 32929 1
58 0 33144 1
58 0 36278 1
58 0 40587 1
58 0 44626 1
58 0 46049 1
58 0 46384 1
58 0 46650 1
58 0 49108 1
58 0 50489 1
58 0 54532 1
58 0 54656 1
58 0 56110 1
58 0 56942 1
58 0 58435 1
58 0 58473 1
58 0 60961 1
58 0 62881 1
58 0 64577 1
58 0 67714 1
58 0 70110 1
58 0 71731 1
58 0 74142 1
58 0 76556 1
139 0 4878 1
139 0 8789 1
139 0 9327 1
139 0 25873 1
139 0 29195 1
139 0 42869 1
139 0 43416 1
139 0 45462 1
139 0 45593 1
139 0 48072 1
139 0 50117 1
139 0 50616 1
139 0 58299 1
139 0 62208 1
139 0 63072 1
139 0 64649 1
139 0 67376 1
139 0 68233 1
142 0 5393 1
142 0 10020 1
142 0 15613 1
142 0 17251 1
142 0 35237 1
142 0 44872 1
142 0 53995 1
142 0 73080 1
142 0 75082 1
145 0 5462 1
145 0 6218 1
145 0 15088 1
145 0 41234 1
154 0 6196 1
154 0 16101 1
154 0 19472 1
154 0 32613 1
154 0 37433 1
154 0 57058 1
185 0 11633 1
185 0 15479 1
185 0 38160 1
185 0 39502 1
185 0 48895 1
185 0 55385 1
185 0 56636 1
187 0 11995 1
187 0 15613 1
187 0 22364 1
187 0 33132 1
187 0 35536 1
187 0 36484 1
187 0 45783 1
187 0 52728 1
187 0 59204 1
187 0 64154 1
187 0 64577 1
187 0 68793 1
187 0 72330 1
187 0 72473 1
191 0 14618 1
191 0 18489 1
191 0 56797 1
191 0 57967 1
191 0 68171 1
